0.01
 2.800081e+00  -2.204856e-01  -2.579596e+00   2.717884e+01  -1.820596e+00  -2.535824e+01   5.751628e-01   2.638319e+01  -2.695835e+01  -2.380360e+01   2.478308e+01  -9.794849e-01  
 
 Cauchy =-2.144946e+01   3.260742e+01   2.988040e+01  
 3.260742e+01   1.279320e+01   1.961213e+00  
 2.988040e+01   1.961213e+00   8.656258e+00  


 Param == -2.144946e+01   3.260742e+01   2.988040e+01   1.279320e+01   1.961213e+00  0.02
 2.800081e+00  -2.204856e-01  -2.579596e+00   2.717884e+01  -1.820596e+00  -2.535824e+01   5.751628e-01   2.638319e+01  -2.695835e+01  -2.380360e+01   2.478308e+01  -9.794849e-01  
 
 Cauchy =-2.144946e+01   3.260742e+01   2.988040e+01  
 3.260742e+01   1.279320e+01   1.961213e+00  
 2.988040e+01   1.961213e+00   8.656258e+00  


 Param == -2.144946e+01   3.260742e+01   2.988040e+01   1.279320e+01   1.961213e+00  0.03
 2.800081e+00  -2.204856e-01  -2.579596e+00   2.717884e+01  -1.820596e+00  -2.535824e+01   5.751628e-01   2.638319e+01  -2.695835e+01  -2.380360e+01   2.478308e+01  -9.794849e-01  
 
 Cauchy =-2.144946e+01   3.260742e+01   2.988040e+01  
 3.260742e+01   1.279320e+01   1.961213e+00  
 2.988040e+01   1.961213e+00   8.656258e+00  


 Param == -2.144946e+01   3.260742e+01   2.988040e+01   1.279320e+01   1.961213e+00  0.04
 2.800081e+00  -2.204856e-01  -2.579596e+00   2.717884e+01  -1.820596e+00  -2.535824e+01   5.751628e-01   2.638319e+01  -2.695835e+01  -2.380360e+01   2.478308e+01  -9.794849e-01  
 
 Cauchy =-2.144946e+01   3.260742e+01   2.988040e+01  
 3.260742e+01   1.279320e+01   1.961213e+00  
 2.988040e+01   1.961213e+00   8.656258e+00  


 Param == -2.144946e+01   3.260742e+01   2.988040e+01   1.279320e+01   1.961213e+00  0.05
 2.800081e+00  -2.204856e-01  -2.579596e+00   2.717884e+01  -1.820596e+00  -2.535824e+01   5.751628e-01   2.638319e+01  -2.695835e+01  -2.380360e+01   2.478308e+01  -9.794849e-01  
 
 Cauchy =-2.144946e+01   3.260742e+01   2.988040e+01  
 3.260742e+01   1.279320e+01   1.961213e+00  
 2.988040e+01   1.961213e+00   8.656258e+00  


 Param == -2.144946e+01   3.260742e+01   2.988040e+01   1.279320e+01   1.961213e+00  0.06
 2.800081e+00  -2.204856e-01  -2.579596e+00   2.717884e+01  -1.820596e+00  -2.535824e+01   5.751628e-01   2.638319e+01  -2.695835e+01  -2.380360e+01   2.478308e+01  -9.794849e-01  
 
 Cauchy =-2.144946e+01   3.260742e+01   2.988040e+01  
 3.260742e+01   1.279320e+01   1.961213e+00  
 2.988040e+01   1.961213e+00   8.656258e+00  


 Param == -2.144946e+01   3.260742e+01   2.988040e+01   1.279320e+01   1.961213e+00  0.07
 2.800081e+00  -2.204856e-01  -2.579596e+00   2.717884e+01  -1.820596e+00  -2.535824e+01   5.751628e-01   2.638319e+01  -2.695835e+01  -2.380360e+01   2.478308e+01  -9.794849e-01  
 
 Cauchy =-2.144946e+01   3.260742e+01   2.988040e+01  
 3.260742e+01   1.279320e+01   1.961213e+00  
 2.988040e+01   1.961213e+00   8.656258e+00  


 Param == -2.144946e+01   3.260742e+01   2.988040e+01   1.279320e+01   1.961213e+00  0.08
 2.800081e+00  -2.204856e-01  -2.579596e+00   2.717884e+01  -1.820596e+00  -2.535824e+01   5.751628e-01   2.638319e+01  -2.695835e+01  -2.380360e+01   2.478308e+01  -9.794849e-01  
 
 Cauchy =-2.144946e+01   3.260742e+01   2.988040e+01  
 3.260742e+01   1.279320e+01   1.961213e+00  
 2.988040e+01   1.961213e+00   8.656258e+00  


 Param == -2.144946e+01   3.260742e+01   2.988040e+01   1.279320e+01   1.961213e+00  0.09
 2.800081e+00  -2.204856e-01  -2.579596e+00   2.717884e+01  -1.820596e+00  -2.535824e+01   5.751628e-01   2.638319e+01  -2.695835e+01  -2.380360e+01   2.478308e+01  -9.794849e-01  
 
 Cauchy =-2.144946e+01   3.260742e+01   2.988040e+01  
 3.260742e+01   1.279320e+01   1.961213e+00  
 2.988040e+01   1.961213e+00   8.656258e+00  


 Param == -2.144946e+01   3.260742e+01   2.988040e+01   1.279320e+01   1.961213e+00  0.1
 2.800081e+00  -2.204856e-01  -2.579596e+00   2.717884e+01  -1.820596e+00  -2.535824e+01   5.751628e-01   2.638319e+01  -2.695835e+01  -2.380360e+01   2.478308e+01  -9.794849e-01  
 
 Cauchy =-2.144946e+01   3.260742e+01   2.988040e+01  
 3.260742e+01   1.279320e+01   1.961213e+00  
 2.988040e+01   1.961213e+00   8.656258e+00  


 Param == -2.144946e+01   3.260742e+01   2.988040e+01   1.279320e+01   1.961213e+00  0.01
 2.800081e+00  -2.204856e-01  -2.579596e+00   2.717884e+01  -1.820596e+00  -2.535824e+01   5.751628e-01   2.638319e+01  -2.695835e+01  -2.380360e+01   2.478308e+01  -9.794849e-01  
 
 Cauchy =-2.144946e+01   3.260742e+01   2.988040e+01  
 3.260742e+01   1.279320e+01   1.961213e+00  
 2.988040e+01   1.961213e+00   8.656258e+00  


 Param == -2.144946e+01   3.260742e+01   2.988040e+01   1.279320e+01   1.961213e+00  0.02
 2.800081e+00  -2.204856e-01  -2.579596e+00   2.717884e+01  -1.820596e+00  -2.535824e+01   5.751628e-01   2.638319e+01  -2.695835e+01  -2.380360e+01   2.478308e+01  -9.794849e-01  
 
 Cauchy =-2.144946e+01   3.260742e+01   2.988040e+01  
 3.260742e+01   1.279320e+01   1.961213e+00  
 2.988040e+01   1.961213e+00   8.656258e+00  


 Param == -2.144946e+01   3.260742e+01   2.988040e+01   1.279320e+01   1.961213e+00  0.03
 2.800081e+00  -2.204856e-01  -2.579596e+00   2.717884e+01  -1.820596e+00  -2.535824e+01   5.751628e-01   2.638319e+01  -2.695835e+01  -2.380360e+01   2.478308e+01  -9.794849e-01  
 
 Cauchy =-2.144946e+01   3.260742e+01   2.988040e+01  
 3.260742e+01   1.279320e+01   1.961213e+00  
 2.988040e+01   1.961213e+00   8.656258e+00  


 Param == -2.144946e+01   3.260742e+01   2.988040e+01   1.279320e+01   1.961213e+00  0.04
 2.800081e+00  -2.204856e-01  -2.579596e+00   2.717884e+01  -1.820596e+00  -2.535824e+01   5.751628e-01   2.638319e+01  -2.695835e+01  -2.380360e+01   2.478308e+01  -9.794849e-01  
 
 Cauchy =-2.144946e+01   3.260742e+01   2.988040e+01  
 3.260742e+01   1.279320e+01   1.961213e+00  
 2.988040e+01   1.961213e+00   8.656258e+00  


 Param == -2.144946e+01   3.260742e+01   2.988040e+01   1.279320e+01   1.961213e+00  0.05
 2.800081e+00  -2.204856e-01  -2.579596e+00   2.717884e+01  -1.820596e+00  -2.535824e+01   5.751628e-01   2.638319e+01  -2.695835e+01  -2.380360e+01   2.478308e+01  -9.794849e-01  
 
 Cauchy =-2.144946e+01   3.260742e+01   2.988040e+01  
 3.260742e+01   1.279320e+01   1.961213e+00  
 2.988040e+01   1.961213e+00   8.656258e+00  


 Param == -2.144946e+01   3.260742e+01   2.988040e+01   1.279320e+01   1.961213e+00  0.06
 2.800081e+00  -2.204856e-01  -2.579596e+00   2.717884e+01  -1.820596e+00  -2.535824e+01   5.751628e-01   2.638319e+01  -2.695835e+01  -2.380360e+01   2.478308e+01  -9.794849e-01  
 
 Cauchy =-2.144946e+01   3.260742e+01   2.988040e+01  
 3.260742e+01   1.279320e+01   1.961213e+00  
 2.988040e+01   1.961213e+00   8.656258e+00  


 Param == -2.144946e+01   3.260742e+01   2.988040e+01   1.279320e+01   1.961213e+00  0.07
 2.800081e+00  -2.204856e-01  -2.579596e+00   2.717884e+01  -1.820596e+00  -2.535824e+01   5.751628e-01   2.638319e+01  -2.695835e+01  -2.380360e+01   2.478308e+01  -9.794849e-01  
 
 Cauchy =-2.144946e+01   3.260742e+01   2.988040e+01  
 3.260742e+01   1.279320e+01   1.961213e+00  
 2.988040e+01   1.961213e+00   8.656258e+00  


 Param == -2.144946e+01   3.260742e+01   2.988040e+01   1.279320e+01   1.961213e+00  0.08
 2.800081e+00  -2.204856e-01  -2.579596e+00   2.717884e+01  -1.820596e+00  -2.535824e+01   5.751628e-01   2.638319e+01  -2.695835e+01  -2.380360e+01   2.478308e+01  -9.794849e-01  
 
 Cauchy =-2.144946e+01   3.260742e+01   2.988040e+01  
 3.260742e+01   1.279320e+01   1.961213e+00  
 2.988040e+01   1.961213e+00   8.656258e+00  


 Param == -2.144946e+01   3.260742e+01   2.988040e+01   1.279320e+01   1.961213e+00  0.09
 2.800081e+00  -2.204856e-01  -2.579596e+00   2.717884e+01  -1.820596e+00  -2.535824e+01   5.751628e-01   2.638319e+01  -2.695835e+01  -2.380360e+01   2.478308e+01  -9.794849e-01  
 
 Cauchy =-2.144946e+01   3.260742e+01   2.988040e+01  
 3.260742e+01   1.279320e+01   1.961213e+00  
 2.988040e+01   1.961213e+00   8.656258e+00  


 Param == -2.144946e+01   3.260742e+01   2.988040e+01   1.279320e+01   1.961213e+00  0.1
 2.800081e+00  -2.204856e-01  -2.579596e+00   2.717884e+01  -1.820596e+00  -2.535824e+01   5.751628e-01   2.638319e+01  -2.695835e+01  -2.380360e+01   2.478308e+01  -9.794849e-01  
 
 Cauchy =-2.144946e+01   3.260742e+01   2.988040e+01  
 3.260742e+01   1.279320e+01   1.961213e+00  
 2.988040e+01   1.961213e+00   8.656258e+00  


 Param == -2.144946e+01   3.260742e+01   2.988040e+01   1.279320e+01   1.961213e+00  0.01
 2.215676e+01   5.625332e+00  -2.778209e+01  -2.673336e+00  -2.409770e+01   2.677104e+01   3.114278e-01   2.640568e+00  -2.951996e+00   2.514152e+01  -2.708247e+01   1.940944e+00  
 
 Cauchy = 8.353408e+00  -3.658346e+00  -3.043359e+01  
-3.658346e+00   9.592627e+00   3.643074e+01  
-3.043359e+01   3.643074e+01  -1.794603e+01  


 Param ==  8.353408e+00  -3.658346e+00  -3.043359e+01   9.592627e+00   3.643074e+01  0.02
 2.215775e+01   5.623915e+00  -2.778167e+01  -2.674209e+00  -2.409711e+01   2.677132e+01   3.101777e-01   2.639528e+00  -2.949706e+00   2.514214e+01  -2.708150e+01   1.939359e+00  
 
 Cauchy = 8.353879e+00  -3.657883e+00  -3.043588e+01  
-3.657883e+00   9.592234e+00   3.642827e+01  
-3.043588e+01   3.642827e+01  -1.794611e+01  


 Param ==  8.353879e+00  -3.657883e+00  -3.043588e+01   9.592234e+00   3.642827e+01  0.03
 2.215775e+01   5.623915e+00  -2.778167e+01  -2.674209e+00  -2.409711e+01   2.677132e+01   3.101777e-01   2.639528e+00  -2.949706e+00   2.514214e+01  -2.708150e+01   1.939359e+00  
 
 Cauchy = 8.353879e+00  -3.657883e+00  -3.043588e+01  
-3.657883e+00   9.592234e+00   3.642827e+01  
-3.043588e+01   3.642827e+01  -1.794611e+01  


 Param ==  8.353879e+00  -3.657883e+00  -3.043588e+01   9.592234e+00   3.642827e+01  0.04
 2.215775e+01   5.623915e+00  -2.778167e+01  -2.674209e+00  -2.409711e+01   2.677132e+01   3.101777e-01   2.639528e+00  -2.949706e+00   2.514214e+01  -2.708150e+01   1.939359e+00  
 
 Cauchy = 8.353879e+00  -3.657883e+00  -3.043588e+01  
-3.657883e+00   9.592234e+00   3.642827e+01  
-3.043588e+01   3.642827e+01  -1.794611e+01  


 Param ==  8.353879e+00  -3.657883e+00  -3.043588e+01   9.592234e+00   3.642827e+01  0.05
 2.215775e+01   5.623915e+00  -2.778167e+01  -2.674209e+00  -2.409711e+01   2.677132e+01   3.101777e-01   2.639528e+00  -2.949706e+00   2.514214e+01  -2.708150e+01   1.939359e+00  
 
 Cauchy = 8.353879e+00  -3.657883e+00  -3.043588e+01  
-3.657883e+00   9.592234e+00   3.642827e+01  
-3.043588e+01   3.642827e+01  -1.794611e+01  


 Param ==  8.353879e+00  -3.657883e+00  -3.043588e+01   9.592234e+00   3.642827e+01  0.06
 2.215775e+01   5.623915e+00  -2.778167e+01  -2.674209e+00  -2.409711e+01   2.677132e+01   3.101777e-01   2.639528e+00  -2.949706e+00   2.514214e+01  -2.708150e+01   1.939359e+00  
 
 Cauchy = 8.353879e+00  -3.657883e+00  -3.043588e+01  
-3.657883e+00   9.592234e+00   3.642827e+01  
-3.043588e+01   3.642827e+01  -1.794611e+01  


 Param ==  8.353879e+00  -3.657883e+00  -3.043588e+01   9.592234e+00   3.642827e+01  0.07
 2.215775e+01   5.623915e+00  -2.778167e+01  -2.674209e+00  -2.409711e+01   2.677132e+01   3.101777e-01   2.639528e+00  -2.949706e+00   2.514214e+01  -2.708150e+01   1.939359e+00  
 
 Cauchy = 8.353879e+00  -3.657883e+00  -3.043588e+01  
-3.657883e+00   9.592234e+00   3.642827e+01  
-3.043588e+01   3.642827e+01  -1.794611e+01  


 Param ==  8.353879e+00  -3.657883e+00  -3.043588e+01   9.592234e+00   3.642827e+01  0.08
 2.215775e+01   5.623915e+00  -2.778167e+01  -2.674209e+00  -2.409711e+01   2.677132e+01   3.101777e-01   2.639528e+00  -2.949706e+00   2.514214e+01  -2.708150e+01   1.939359e+00  
 
 Cauchy = 8.353879e+00  -3.657883e+00  -3.043588e+01  
-3.657883e+00   9.592234e+00   3.642827e+01  
-3.043588e+01   3.642827e+01  -1.794611e+01  


 Param ==  8.353879e+00  -3.657883e+00  -3.043588e+01   9.592234e+00   3.642827e+01  0.09
 2.215775e+01   5.623915e+00  -2.778167e+01  -2.674209e+00  -2.409711e+01   2.677132e+01   3.101777e-01   2.639528e+00  -2.949706e+00   2.514214e+01  -2.708150e+01   1.939359e+00  
 
 Cauchy = 8.353879e+00  -3.657883e+00  -3.043588e+01  
-3.657883e+00   9.592234e+00   3.642827e+01  
-3.043588e+01   3.642827e+01  -1.794611e+01  


 Param ==  8.353879e+00  -3.657883e+00  -3.043588e+01   9.592234e+00   3.642827e+01  0.1
 2.215775e+01   5.623915e+00  -2.778167e+01  -2.674209e+00  -2.409711e+01   2.677132e+01   3.101777e-01   2.639528e+00  -2.949706e+00   2.514214e+01  -2.708150e+01   1.939359e+00  
 
 Cauchy = 8.353879e+00  -3.657883e+00  -3.043588e+01  
-3.657883e+00   9.592234e+00   3.642827e+01  
-3.043588e+01   3.642827e+01  -1.794611e+01  


 Param ==  8.353879e+00  -3.657883e+00  -3.043588e+01   9.592234e+00   3.642827e+01  0.01
 2.215676e+01   5.625332e+00  -2.778209e+01  -2.673336e+00  -2.409770e+01   2.677104e+01   3.114278e-01   2.640568e+00  -2.951996e+00   2.514152e+01  -2.708247e+01   1.940944e+00  
 
 Cauchy = 8.353408e+00  -3.658346e+00  -3.043359e+01  
-3.658346e+00   9.592627e+00   3.643074e+01  
-3.043359e+01   3.643074e+01  -1.794603e+01  


 Param ==  8.353408e+00  -3.658346e+00  -3.043359e+01   9.592627e+00   3.643074e+01  0.02
 2.215775e+01   5.623915e+00  -2.778167e+01  -2.674209e+00  -2.409711e+01   2.677132e+01   3.101777e-01   2.639528e+00  -2.949706e+00   2.514214e+01  -2.708150e+01   1.939359e+00  
 
 Cauchy = 8.353879e+00  -3.657883e+00  -3.043588e+01  
-3.657883e+00   9.592234e+00   3.642827e+01  
-3.043588e+01   3.642827e+01  -1.794611e+01  


 Param ==  8.353879e+00  -3.657883e+00  -3.043588e+01   9.592234e+00   3.642827e+01  0.03
 2.215775e+01   5.623915e+00  -2.778167e+01  -2.674209e+00  -2.409711e+01   2.677132e+01   3.101777e-01   2.639528e+00  -2.949706e+00   2.514214e+01  -2.708150e+01   1.939359e+00  
 
 Cauchy = 8.353879e+00  -3.657883e+00  -3.043588e+01  
-3.657883e+00   9.592234e+00   3.642827e+01  
-3.043588e+01   3.642827e+01  -1.794611e+01  


 Param ==  8.353879e+00  -3.657883e+00  -3.043588e+01   9.592234e+00   3.642827e+01  0.04
 2.215775e+01   5.623915e+00  -2.778167e+01  -2.674209e+00  -2.409711e+01   2.677132e+01   3.101777e-01   2.639528e+00  -2.949706e+00   2.514214e+01  -2.708150e+01   1.939359e+00  
 
 Cauchy = 8.353879e+00  -3.657883e+00  -3.043588e+01  
-3.657883e+00   9.592234e+00   3.642827e+01  
-3.043588e+01   3.642827e+01  -1.794611e+01  


 Param ==  8.353879e+00  -3.657883e+00  -3.043588e+01   9.592234e+00   3.642827e+01  0.05
 2.215775e+01   5.623915e+00  -2.778167e+01  -2.674209e+00  -2.409711e+01   2.677132e+01   3.101777e-01   2.639528e+00  -2.949706e+00   2.514214e+01  -2.708150e+01   1.939359e+00  
 
 Cauchy = 8.353879e+00  -3.657883e+00  -3.043588e+01  
-3.657883e+00   9.592234e+00   3.642827e+01  
-3.043588e+01   3.642827e+01  -1.794611e+01  


 Param ==  8.353879e+00  -3.657883e+00  -3.043588e+01   9.592234e+00   3.642827e+01  0.06
 2.215775e+01   5.623915e+00  -2.778167e+01  -2.674209e+00  -2.409711e+01   2.677132e+01   3.101777e-01   2.639528e+00  -2.949706e+00   2.514214e+01  -2.708150e+01   1.939359e+00  
 
 Cauchy = 8.353879e+00  -3.657883e+00  -3.043588e+01  
-3.657883e+00   9.592234e+00   3.642827e+01  
-3.043588e+01   3.642827e+01  -1.794611e+01  


 Param ==  8.353879e+00  -3.657883e+00  -3.043588e+01   9.592234e+00   3.642827e+01  0.07
 2.215775e+01   5.623915e+00  -2.778167e+01  -2.674209e+00  -2.409711e+01   2.677132e+01   3.101777e-01   2.639528e+00  -2.949706e+00   2.514214e+01  -2.708150e+01   1.939359e+00  
 
 Cauchy = 8.353879e+00  -3.657883e+00  -3.043588e+01  
-3.657883e+00   9.592234e+00   3.642827e+01  
-3.043588e+01   3.642827e+01  -1.794611e+01  


 Param ==  8.353879e+00  -3.657883e+00  -3.043588e+01   9.592234e+00   3.642827e+01  0.08
 2.215775e+01   5.623915e+00  -2.778167e+01  -2.674209e+00  -2.409711e+01   2.677132e+01   3.101777e-01   2.639528e+00  -2.949706e+00   2.514214e+01  -2.708150e+01   1.939359e+00  
 
 Cauchy = 8.353879e+00  -3.657883e+00  -3.043588e+01  
-3.657883e+00   9.592234e+00   3.642827e+01  
-3.043588e+01   3.642827e+01  -1.794611e+01  


 Param ==  8.353879e+00  -3.657883e+00  -3.043588e+01   9.592234e+00   3.642827e+01  0.09
 2.215775e+01   5.623915e+00  -2.778167e+01  -2.674209e+00  -2.409711e+01   2.677132e+01   3.101777e-01   2.639528e+00  -2.949706e+00   2.514214e+01  -2.708150e+01   1.939359e+00  
 
 Cauchy = 8.353879e+00  -3.657883e+00  -3.043588e+01  
-3.657883e+00   9.592234e+00   3.642827e+01  
-3.043588e+01   3.642827e+01  -1.794611e+01  


 Param ==  8.353879e+00  -3.657883e+00  -3.043588e+01   9.592234e+00   3.642827e+01  0.1
 2.215775e+01   5.623915e+00  -2.778167e+01  -2.674209e+00  -2.409711e+01   2.677132e+01   3.101777e-01   2.639528e+00  -2.949706e+00   2.514214e+01  -2.708150e+01   1.939359e+00  
 
 Cauchy = 8.353879e+00  -3.657883e+00  -3.043588e+01  
-3.657883e+00   9.592234e+00   3.642827e+01  
-3.043588e+01   3.642827e+01  -1.794611e+01  


 Param ==  8.353879e+00  -3.657883e+00  -3.043588e+01   9.592234e+00   3.642827e+01  0.01
 2.215676e+01   5.625332e+00  -2.778209e+01  -2.673336e+00  -2.409770e+01   2.677104e+01   3.114278e-01   2.640568e+00  -2.951996e+00   2.514152e+01  -2.708247e+01   1.940944e+00  
 
 Cauchy = 8.353408e+00  -3.658346e+00  -3.043359e+01  
-3.658346e+00   9.592627e+00   3.643074e+01  
-3.043359e+01   3.643074e+01  -1.794603e+01  


 Param ==  8.353408e+00  -3.658346e+00  -3.043359e+01   9.592627e+00   3.643074e+01  0.02
 2.215775e+01   5.623915e+00  -2.778167e+01  -2.674209e+00  -2.409711e+01   2.677132e+01   3.101777e-01   2.639528e+00  -2.949706e+00   2.514214e+01  -2.708150e+01   1.939359e+00  
 
 Cauchy = 8.353879e+00  -3.657883e+00  -3.043588e+01  
-3.657883e+00   9.592234e+00   3.642827e+01  
-3.043588e+01   3.642827e+01  -1.794611e+01  


 Param ==  8.353879e+00  -3.657883e+00  -3.043588e+01   9.592234e+00   3.642827e+01  0.03
 2.215775e+01   5.623915e+00  -2.778167e+01  -2.674209e+00  -2.409711e+01   2.677132e+01   3.101777e-01   2.639528e+00  -2.949706e+00   2.514214e+01  -2.708150e+01   1.939359e+00  
 
 Cauchy = 8.353879e+00  -3.657883e+00  -3.043588e+01  
-3.657883e+00   9.592234e+00   3.642827e+01  
-3.043588e+01   3.642827e+01  -1.794611e+01  


 Param ==  8.353879e+00  -3.657883e+00  -3.043588e+01   9.592234e+00   3.642827e+01  0.04
 2.215775e+01   5.623915e+00  -2.778167e+01  -2.674209e+00  -2.409711e+01   2.677132e+01   3.101777e-01   2.639528e+00  -2.949706e+00   2.514214e+01  -2.708150e+01   1.939359e+00  
 
 Cauchy = 8.353879e+00  -3.657883e+00  -3.043588e+01  
-3.657883e+00   9.592234e+00   3.642827e+01  
-3.043588e+01   3.642827e+01  -1.794611e+01  


 Param ==  8.353879e+00  -3.657883e+00  -3.043588e+01   9.592234e+00   3.642827e+01  0.05
 2.215775e+01   5.623915e+00  -2.778167e+01  -2.674209e+00  -2.409711e+01   2.677132e+01   3.101777e-01   2.639528e+00  -2.949706e+00   2.514214e+01  -2.708150e+01   1.939359e+00  
 
 Cauchy = 8.353879e+00  -3.657883e+00  -3.043588e+01  
-3.657883e+00   9.592234e+00   3.642827e+01  
-3.043588e+01   3.642827e+01  -1.794611e+01  


 Param ==  8.353879e+00  -3.657883e+00  -3.043588e+01   9.592234e+00   3.642827e+01  0.06
 2.215775e+01   5.623915e+00  -2.778167e+01  -2.674209e+00  -2.409711e+01   2.677132e+01   3.101777e-01   2.639528e+00  -2.949706e+00   2.514214e+01  -2.708150e+01   1.939359e+00  
 
 Cauchy = 8.353879e+00  -3.657883e+00  -3.043588e+01  
-3.657883e+00   9.592234e+00   3.642827e+01  
-3.043588e+01   3.642827e+01  -1.794611e+01  


 Param ==  8.353879e+00  -3.657883e+00  -3.043588e+01   9.592234e+00   3.642827e+01  0.07
 2.215775e+01   5.623915e+00  -2.778167e+01  -2.674209e+00  -2.409711e+01   2.677132e+01   3.101777e-01   2.639528e+00  -2.949706e+00   2.514214e+01  -2.708150e+01   1.939359e+00  
 
 Cauchy = 8.353879e+00  -3.657883e+00  -3.043588e+01  
-3.657883e+00   9.592234e+00   3.642827e+01  
-3.043588e+01   3.642827e+01  -1.794611e+01  


 Param ==  8.353879e+00  -3.657883e+00  -3.043588e+01   9.592234e+00   3.642827e+01  0.08
 2.215775e+01   5.623915e+00  -2.778167e+01  -2.674209e+00  -2.409711e+01   2.677132e+01   3.101777e-01   2.639528e+00  -2.949706e+00   2.514214e+01  -2.708150e+01   1.939359e+00  
 
 Cauchy = 8.353879e+00  -3.657883e+00  -3.043588e+01  
-3.657883e+00   9.592234e+00   3.642827e+01  
-3.043588e+01   3.642827e+01  -1.794611e+01  


 Param ==  8.353879e+00  -3.657883e+00  -3.043588e+01   9.592234e+00   3.642827e+01  0.09
 2.215775e+01   5.623915e+00  -2.778167e+01  -2.674209e+00  -2.409711e+01   2.677132e+01   3.101777e-01   2.639528e+00  -2.949706e+00   2.514214e+01  -2.708150e+01   1.939359e+00  
 
 Cauchy = 8.353879e+00  -3.657883e+00  -3.043588e+01  
-3.657883e+00   9.592234e+00   3.642827e+01  
-3.043588e+01   3.642827e+01  -1.794611e+01  


 Param ==  8.353879e+00  -3.657883e+00  -3.043588e+01   9.592234e+00   3.642827e+01  0.1
 2.215775e+01   5.623915e+00  -2.778167e+01  -2.674209e+00  -2.409711e+01   2.677132e+01   3.101777e-01   2.639528e+00  -2.949706e+00   2.514214e+01  -2.708150e+01   1.939359e+00  
 
 Cauchy = 8.353879e+00  -3.657883e+00  -3.043588e+01  
-3.657883e+00   9.592234e+00   3.642827e+01  
-3.043588e+01   3.642827e+01  -1.794611e+01  


 Param ==  8.353879e+00  -3.657883e+00  -3.043588e+01   9.592234e+00   3.642827e+01  0.01
 2.215676e+01   5.625332e+00  -2.778209e+01  -2.673336e+00  -2.409770e+01   2.677104e+01   3.114278e-01   2.640568e+00  -2.951996e+00   2.514152e+01  -2.708247e+01   1.940944e+00  
 
 Cauchy = 8.353408e+00  -3.658346e+00  -3.043359e+01  
-3.658346e+00   9.592627e+00   3.643074e+01  
-3.043359e+01   3.643074e+01  -1.794603e+01  


 Param ==  8.353408e+00  -3.658346e+00  -3.043359e+01   9.592627e+00   3.643074e+01  0.02
 2.215775e+01   5.623915e+00  -2.778167e+01  -2.674209e+00  -2.409711e+01   2.677132e+01   3.101777e-01   2.639528e+00  -2.949706e+00   2.514214e+01  -2.708150e+01   1.939359e+00  
 
 Cauchy = 8.353879e+00  -3.657883e+00  -3.043588e+01  
-3.657883e+00   9.592234e+00   3.642827e+01  
-3.043588e+01   3.642827e+01  -1.794611e+01  


 Param ==  8.353879e+00  -3.657883e+00  -3.043588e+01   9.592234e+00   3.642827e+01  0.03
 2.215775e+01   5.623915e+00  -2.778167e+01  -2.674209e+00  -2.409711e+01   2.677132e+01   3.101777e-01   2.639528e+00  -2.949706e+00   2.514214e+01  -2.708150e+01   1.939359e+00  
 
 Cauchy = 8.353879e+00  -3.657883e+00  -3.043588e+01  
-3.657883e+00   9.592234e+00   3.642827e+01  
-3.043588e+01   3.642827e+01  -1.794611e+01  


 Param ==  8.353879e+00  -3.657883e+00  -3.043588e+01   9.592234e+00   3.642827e+01  0.04
 2.215775e+01   5.623915e+00  -2.778167e+01  -2.674209e+00  -2.409711e+01   2.677132e+01   3.101777e-01   2.639528e+00  -2.949706e+00   2.514214e+01  -2.708150e+01   1.939359e+00  
 
 Cauchy = 8.353879e+00  -3.657883e+00  -3.043588e+01  
-3.657883e+00   9.592234e+00   3.642827e+01  
-3.043588e+01   3.642827e+01  -1.794611e+01  


 Param ==  8.353879e+00  -3.657883e+00  -3.043588e+01   9.592234e+00   3.642827e+01  0.05
 2.215775e+01   5.623915e+00  -2.778167e+01  -2.674209e+00  -2.409711e+01   2.677132e+01   3.101777e-01   2.639528e+00  -2.949706e+00   2.514214e+01  -2.708150e+01   1.939359e+00  
 
 Cauchy = 8.353879e+00  -3.657883e+00  -3.043588e+01  
-3.657883e+00   9.592234e+00   3.642827e+01  
-3.043588e+01   3.642827e+01  -1.794611e+01  


 Param ==  8.353879e+00  -3.657883e+00  -3.043588e+01   9.592234e+00   3.642827e+01  0.06
 2.215775e+01   5.623915e+00  -2.778167e+01  -2.674209e+00  -2.409711e+01   2.677132e+01   3.101777e-01   2.639528e+00  -2.949706e+00   2.514214e+01  -2.708150e+01   1.939359e+00  
 
 Cauchy = 8.353879e+00  -3.657883e+00  -3.043588e+01  
-3.657883e+00   9.592234e+00   3.642827e+01  
-3.043588e+01   3.642827e+01  -1.794611e+01  


 Param ==  8.353879e+00  -3.657883e+00  -3.043588e+01   9.592234e+00   3.642827e+01  0.07
 2.215775e+01   5.623915e+00  -2.778167e+01  -2.674209e+00  -2.409711e+01   2.677132e+01   3.101777e-01   2.639528e+00  -2.949706e+00   2.514214e+01  -2.708150e+01   1.939359e+00  
 
 Cauchy = 8.353879e+00  -3.657883e+00  -3.043588e+01  
-3.657883e+00   9.592234e+00   3.642827e+01  
-3.043588e+01   3.642827e+01  -1.794611e+01  


 Param ==  8.353879e+00  -3.657883e+00  -3.043588e+01   9.592234e+00   3.642827e+01  0.08
 2.215775e+01   5.623915e+00  -2.778167e+01  -2.674209e+00  -2.409711e+01   2.677132e+01   3.101777e-01   2.639528e+00  -2.949706e+00   2.514214e+01  -2.708150e+01   1.939359e+00  
 
 Cauchy = 8.353879e+00  -3.657883e+00  -3.043588e+01  
-3.657883e+00   9.592234e+00   3.642827e+01  
-3.043588e+01   3.642827e+01  -1.794611e+01  


 Param ==  8.353879e+00  -3.657883e+00  -3.043588e+01   9.592234e+00   3.642827e+01  0.09
 2.215775e+01   5.623915e+00  -2.778167e+01  -2.674209e+00  -2.409711e+01   2.677132e+01   3.101777e-01   2.639528e+00  -2.949706e+00   2.514214e+01  -2.708150e+01   1.939359e+00  
 
 Cauchy = 8.353879e+00  -3.657883e+00  -3.043588e+01  
-3.657883e+00   9.592234e+00   3.642827e+01  
-3.043588e+01   3.642827e+01  -1.794611e+01  


 Param ==  8.353879e+00  -3.657883e+00  -3.043588e+01   9.592234e+00   3.642827e+01  0.1
 2.215775e+01   5.623915e+00  -2.778167e+01  -2.674209e+00  -2.409711e+01   2.677132e+01   3.101777e-01   2.639528e+00  -2.949706e+00   2.514214e+01  -2.708150e+01   1.939359e+00  
 
 Cauchy = 8.353879e+00  -3.657883e+00  -3.043588e+01  
-3.657883e+00   9.592234e+00   3.642827e+01  
-3.043588e+01   3.642827e+01  -1.794611e+01  


 Param ==  8.353879e+00  -3.657883e+00  -3.043588e+01   9.592234e+00   3.642827e+01  0.01
 2.215676e+01   5.625332e+00  -2.778209e+01  -2.673336e+00  -2.409770e+01   2.677104e+01   3.114278e-01   2.640568e+00  -2.951996e+00   2.514152e+01  -2.708247e+01   1.940944e+00  
 
 Cauchy = 8.353408e+00  -3.658346e+00  -3.043359e+01  
-3.658346e+00   9.592627e+00   3.643074e+01  
-3.043359e+01   3.643074e+01  -1.794603e+01  


 Param ==  8.353408e+00  -3.658346e+00  -3.043359e+01   9.592627e+00   3.643074e+01  0.02
 2.215775e+01   5.623915e+00  -2.778167e+01  -2.674209e+00  -2.409711e+01   2.677132e+01   3.101777e-01   2.639528e+00  -2.949706e+00   2.514214e+01  -2.708150e+01   1.939359e+00  
 
 Cauchy = 8.353879e+00  -3.657883e+00  -3.043588e+01  
-3.657883e+00   9.592234e+00   3.642827e+01  
-3.043588e+01   3.642827e+01  -1.794611e+01  


 Param ==  8.353879e+00  -3.657883e+00  -3.043588e+01   9.592234e+00   3.642827e+01  0.03
 2.215775e+01   5.623915e+00  -2.778167e+01  -2.674209e+00  -2.409711e+01   2.677132e+01   3.101777e-01   2.639528e+00  -2.949706e+00   2.514214e+01  -2.708150e+01   1.939359e+00  
 
 Cauchy = 8.353879e+00  -3.657883e+00  -3.043588e+01  
-3.657883e+00   9.592234e+00   3.642827e+01  
-3.043588e+01   3.642827e+01  -1.794611e+01  


 Param ==  8.353879e+00  -3.657883e+00  -3.043588e+01   9.592234e+00   3.642827e+01  0.04
 2.215775e+01   5.623915e+00  -2.778167e+01  -2.674209e+00  -2.409711e+01   2.677132e+01   3.101777e-01   2.639528e+00  -2.949706e+00   2.514214e+01  -2.708150e+01   1.939359e+00  
 
 Cauchy = 8.353879e+00  -3.657883e+00  -3.043588e+01  
-3.657883e+00   9.592234e+00   3.642827e+01  
-3.043588e+01   3.642827e+01  -1.794611e+01  


 Param ==  8.353879e+00  -3.657883e+00  -3.043588e+01   9.592234e+00   3.642827e+01  0.05
 2.215775e+01   5.623915e+00  -2.778167e+01  -2.674209e+00  -2.409711e+01   2.677132e+01   3.101777e-01   2.639528e+00  -2.949706e+00   2.514214e+01  -2.708150e+01   1.939359e+00  
 
 Cauchy = 8.353879e+00  -3.657883e+00  -3.043588e+01  
-3.657883e+00   9.592234e+00   3.642827e+01  
-3.043588e+01   3.642827e+01  -1.794611e+01  


 Param ==  8.353879e+00  -3.657883e+00  -3.043588e+01   9.592234e+00   3.642827e+01  0.06
 2.215775e+01   5.623915e+00  -2.778167e+01  -2.674209e+00  -2.409711e+01   2.677132e+01   3.101777e-01   2.639528e+00  -2.949706e+00   2.514214e+01  -2.708150e+01   1.939359e+00  
 
 Cauchy = 8.353879e+00  -3.657883e+00  -3.043588e+01  
-3.657883e+00   9.592234e+00   3.642827e+01  
-3.043588e+01   3.642827e+01  -1.794611e+01  


 Param ==  8.353879e+00  -3.657883e+00  -3.043588e+01   9.592234e+00   3.642827e+01  0.07
 2.215775e+01   5.623915e+00  -2.778167e+01  -2.674209e+00  -2.409711e+01   2.677132e+01   3.101777e-01   2.639528e+00  -2.949706e+00   2.514214e+01  -2.708150e+01   1.939359e+00  
 
 Cauchy = 8.353879e+00  -3.657883e+00  -3.043588e+01  
-3.657883e+00   9.592234e+00   3.642827e+01  
-3.043588e+01   3.642827e+01  -1.794611e+01  


 Param ==  8.353879e+00  -3.657883e+00  -3.043588e+01   9.592234e+00   3.642827e+01  0.08
 2.215775e+01   5.623915e+00  -2.778167e+01  -2.674209e+00  -2.409711e+01   2.677132e+01   3.101777e-01   2.639528e+00  -2.949706e+00   2.514214e+01  -2.708150e+01   1.939359e+00  
 
 Cauchy = 8.353879e+00  -3.657883e+00  -3.043588e+01  
-3.657883e+00   9.592234e+00   3.642827e+01  
-3.043588e+01   3.642827e+01  -1.794611e+01  


 Param ==  8.353879e+00  -3.657883e+00  -3.043588e+01   9.592234e+00   3.642827e+01  0.09
 2.215775e+01   5.623915e+00  -2.778167e+01  -2.674209e+00  -2.409711e+01   2.677132e+01   3.101777e-01   2.639528e+00  -2.949706e+00   2.514214e+01  -2.708150e+01   1.939359e+00  
 
 Cauchy = 8.353879e+00  -3.657883e+00  -3.043588e+01  
-3.657883e+00   9.592234e+00   3.642827e+01  
-3.043588e+01   3.642827e+01  -1.794611e+01  


 Param ==  8.353879e+00  -3.657883e+00  -3.043588e+01   9.592234e+00   3.642827e+01  0.1
 2.215775e+01   5.623915e+00  -2.778167e+01  -2.674209e+00  -2.409711e+01   2.677132e+01   3.101777e-01   2.639528e+00  -2.949706e+00   2.514214e+01  -2.708150e+01   1.939359e+00  
 
 Cauchy = 8.353879e+00  -3.657883e+00  -3.043588e+01  
-3.657883e+00   9.592234e+00   3.642827e+01  
-3.043588e+01   3.642827e+01  -1.794611e+01  


 Param ==  8.353879e+00  -3.657883e+00  -3.043588e+01   9.592234e+00   3.642827e+01  0.01
 2.215676e+01   5.625332e+00  -2.778209e+01  -2.673336e+00  -2.409770e+01   2.677104e+01   3.114278e-01   2.640568e+00  -2.951996e+00   2.514152e+01  -2.708247e+01   1.940944e+00  
 
 Cauchy = 8.353408e+00  -3.658346e+00  -3.043359e+01  
-3.658346e+00   9.592627e+00   3.643074e+01  
-3.043359e+01   3.643074e+01  -1.794603e+01  


 Param ==  8.353408e+00  -3.658346e+00  -3.043359e+01   9.592627e+00   3.643074e+01  0.02
 2.215775e+01   5.623915e+00  -2.778167e+01  -2.674209e+00  -2.409711e+01   2.677132e+01   3.101777e-01   2.639528e+00  -2.949706e+00   2.514214e+01  -2.708150e+01   1.939359e+00  
 
 Cauchy = 8.353879e+00  -3.657883e+00  -3.043588e+01  
-3.657883e+00   9.592234e+00   3.642827e+01  
-3.043588e+01   3.642827e+01  -1.794611e+01  


 Param ==  8.353879e+00  -3.657883e+00  -3.043588e+01   9.592234e+00   3.642827e+01  0.03
 2.215775e+01   5.623915e+00  -2.778167e+01  -2.674209e+00  -2.409711e+01   2.677132e+01   3.101777e-01   2.639528e+00  -2.949706e+00   2.514214e+01  -2.708150e+01   1.939359e+00  
 
 Cauchy = 8.353879e+00  -3.657883e+00  -3.043588e+01  
-3.657883e+00   9.592234e+00   3.642827e+01  
-3.043588e+01   3.642827e+01  -1.794611e+01  


 Param ==  8.353879e+00  -3.657883e+00  -3.043588e+01   9.592234e+00   3.642827e+01  0.04
 2.215775e+01   5.623915e+00  -2.778167e+01  -2.674209e+00  -2.409711e+01   2.677132e+01   3.101777e-01   2.639528e+00  -2.949706e+00   2.514214e+01  -2.708150e+01   1.939359e+00  
 
 Cauchy = 8.353879e+00  -3.657883e+00  -3.043588e+01  
-3.657883e+00   9.592234e+00   3.642827e+01  
-3.043588e+01   3.642827e+01  -1.794611e+01  


 Param ==  8.353879e+00  -3.657883e+00  -3.043588e+01   9.592234e+00   3.642827e+01  0.05
 2.215775e+01   5.623915e+00  -2.778167e+01  -2.674209e+00  -2.409711e+01   2.677132e+01   3.101777e-01   2.639528e+00  -2.949706e+00   2.514214e+01  -2.708150e+01   1.939359e+00  
 
 Cauchy = 8.353879e+00  -3.657883e+00  -3.043588e+01  
-3.657883e+00   9.592234e+00   3.642827e+01  
-3.043588e+01   3.642827e+01  -1.794611e+01  


 Param ==  8.353879e+00  -3.657883e+00  -3.043588e+01   9.592234e+00   3.642827e+01  0.06
 2.215775e+01   5.623915e+00  -2.778167e+01  -2.674209e+00  -2.409711e+01   2.677132e+01   3.101777e-01   2.639528e+00  -2.949706e+00   2.514214e+01  -2.708150e+01   1.939359e+00  
 
 Cauchy = 8.353879e+00  -3.657883e+00  -3.043588e+01  
-3.657883e+00   9.592234e+00   3.642827e+01  
-3.043588e+01   3.642827e+01  -1.794611e+01  


 Param ==  8.353879e+00  -3.657883e+00  -3.043588e+01   9.592234e+00   3.642827e+01  0.07
 2.215775e+01   5.623915e+00  -2.778167e+01  -2.674209e+00  -2.409711e+01   2.677132e+01   3.101777e-01   2.639528e+00  -2.949706e+00   2.514214e+01  -2.708150e+01   1.939359e+00  
 
 Cauchy = 8.353879e+00  -3.657883e+00  -3.043588e+01  
-3.657883e+00   9.592234e+00   3.642827e+01  
-3.043588e+01   3.642827e+01  -1.794611e+01  


 Param ==  8.353879e+00  -3.657883e+00  -3.043588e+01   9.592234e+00   3.642827e+01  0.08
 2.215775e+01   5.623915e+00  -2.778167e+01  -2.674209e+00  -2.409711e+01   2.677132e+01   3.101777e-01   2.639528e+00  -2.949706e+00   2.514214e+01  -2.708150e+01   1.939359e+00  
 
 Cauchy = 8.353879e+00  -3.657883e+00  -3.043588e+01  
-3.657883e+00   9.592234e+00   3.642827e+01  
-3.043588e+01   3.642827e+01  -1.794611e+01  


 Param ==  8.353879e+00  -3.657883e+00  -3.043588e+01   9.592234e+00   3.642827e+01  0.09
 2.215775e+01   5.623915e+00  -2.778167e+01  -2.674209e+00  -2.409711e+01   2.677132e+01   3.101777e-01   2.639528e+00  -2.949706e+00   2.514214e+01  -2.708150e+01   1.939359e+00  
 
 Cauchy = 8.353879e+00  -3.657883e+00  -3.043588e+01  
-3.657883e+00   9.592234e+00   3.642827e+01  
-3.043588e+01   3.642827e+01  -1.794611e+01  


 Param ==  8.353879e+00  -3.657883e+00  -3.043588e+01   9.592234e+00   3.642827e+01  0.1
 2.215775e+01   5.623915e+00  -2.778167e+01  -2.674209e+00  -2.409711e+01   2.677132e+01   3.101777e-01   2.639528e+00  -2.949706e+00   2.514214e+01  -2.708150e+01   1.939359e+00  
 
 Cauchy = 8.353879e+00  -3.657883e+00  -3.043588e+01  
-3.657883e+00   9.592234e+00   3.642827e+01  
-3.043588e+01   3.642827e+01  -1.794611e+01  


 Param ==  8.353879e+00  -3.657883e+00  -3.043588e+01   9.592234e+00   3.642827e+01  0.01
 2.215676e+01   5.625332e+00  -2.778209e+01  -2.673336e+00  -2.409770e+01   2.677104e+01   3.114278e-01   2.640568e+00  -2.951996e+00   2.514152e+01  -2.708247e+01   1.940944e+00  
 
 Cauchy = 8.353408e+00  -3.658346e+00  -3.043359e+01  
-3.658346e+00   9.592627e+00   3.643074e+01  
-3.043359e+01   3.643074e+01  -1.794603e+01  


 Param ==  8.353408e+00  -3.658346e+00  -3.043359e+01   9.592627e+00   3.643074e+01  0.02
 2.215775e+01   5.623915e+00  -2.778167e+01  -2.674209e+00  -2.409711e+01   2.677132e+01   3.101777e-01   2.639528e+00  -2.949706e+00   2.514214e+01  -2.708150e+01   1.939359e+00  
 
 Cauchy = 8.353879e+00  -3.657883e+00  -3.043588e+01  
-3.657883e+00   9.592234e+00   3.642827e+01  
-3.043588e+01   3.642827e+01  -1.794611e+01  


 Param ==  8.353879e+00  -3.657883e+00  -3.043588e+01   9.592234e+00   3.642827e+01  0.03
 2.215775e+01   5.623915e+00  -2.778167e+01  -2.674209e+00  -2.409711e+01   2.677132e+01   3.101777e-01   2.639528e+00  -2.949706e+00   2.514214e+01  -2.708150e+01   1.939359e+00  
 
 Cauchy = 8.353879e+00  -3.657883e+00  -3.043588e+01  
-3.657883e+00   9.592234e+00   3.642827e+01  
-3.043588e+01   3.642827e+01  -1.794611e+01  


 Param ==  8.353879e+00  -3.657883e+00  -3.043588e+01   9.592234e+00   3.642827e+01  0.04
 2.215775e+01   5.623915e+00  -2.778167e+01  -2.674209e+00  -2.409711e+01   2.677132e+01   3.101777e-01   2.639528e+00  -2.949706e+00   2.514214e+01  -2.708150e+01   1.939359e+00  
 
 Cauchy = 8.353879e+00  -3.657883e+00  -3.043588e+01  
-3.657883e+00   9.592234e+00   3.642827e+01  
-3.043588e+01   3.642827e+01  -1.794611e+01  


 Param ==  8.353879e+00  -3.657883e+00  -3.043588e+01   9.592234e+00   3.642827e+01  0.05
 2.215775e+01   5.623915e+00  -2.778167e+01  -2.674209e+00  -2.409711e+01   2.677132e+01   3.101777e-01   2.639528e+00  -2.949706e+00   2.514214e+01  -2.708150e+01   1.939359e+00  
 
 Cauchy = 8.353879e+00  -3.657883e+00  -3.043588e+01  
-3.657883e+00   9.592234e+00   3.642827e+01  
-3.043588e+01   3.642827e+01  -1.794611e+01  


 Param ==  8.353879e+00  -3.657883e+00  -3.043588e+01   9.592234e+00   3.642827e+01  0.06
 2.215775e+01   5.623915e+00  -2.778167e+01  -2.674209e+00  -2.409711e+01   2.677132e+01   3.101777e-01   2.639528e+00  -2.949706e+00   2.514214e+01  -2.708150e+01   1.939359e+00  
 
 Cauchy = 8.353879e+00  -3.657883e+00  -3.043588e+01  
-3.657883e+00   9.592234e+00   3.642827e+01  
-3.043588e+01   3.642827e+01  -1.794611e+01  


 Param ==  8.353879e+00  -3.657883e+00  -3.043588e+01   9.592234e+00   3.642827e+01  0.07
 2.215775e+01   5.623915e+00  -2.778167e+01  -2.674209e+00  -2.409711e+01   2.677132e+01   3.101777e-01   2.639528e+00  -2.949706e+00   2.514214e+01  -2.708150e+01   1.939359e+00  
 
 Cauchy = 8.353879e+00  -3.657883e+00  -3.043588e+01  
-3.657883e+00   9.592234e+00   3.642827e+01  
-3.043588e+01   3.642827e+01  -1.794611e+01  


 Param ==  8.353879e+00  -3.657883e+00  -3.043588e+01   9.592234e+00   3.642827e+01  0.08
 2.215775e+01   5.623915e+00  -2.778167e+01  -2.674209e+00  -2.409711e+01   2.677132e+01   3.101777e-01   2.639528e+00  -2.949706e+00   2.514214e+01  -2.708150e+01   1.939359e+00  
 
 Cauchy = 8.353879e+00  -3.657883e+00  -3.043588e+01  
-3.657883e+00   9.592234e+00   3.642827e+01  
-3.043588e+01   3.642827e+01  -1.794611e+01  


 Param ==  8.353879e+00  -3.657883e+00  -3.043588e+01   9.592234e+00   3.642827e+01  0.09
 2.215775e+01   5.623915e+00  -2.778167e+01  -2.674209e+00  -2.409711e+01   2.677132e+01   3.101777e-01   2.639528e+00  -2.949706e+00   2.514214e+01  -2.708150e+01   1.939359e+00  
 
 Cauchy = 8.353879e+00  -3.657883e+00  -3.043588e+01  
-3.657883e+00   9.592234e+00   3.642827e+01  
-3.043588e+01   3.642827e+01  -1.794611e+01  


 Param ==  8.353879e+00  -3.657883e+00  -3.043588e+01   9.592234e+00   3.642827e+01  0.1
 2.215775e+01   5.623915e+00  -2.778167e+01  -2.674209e+00  -2.409711e+01   2.677132e+01   3.101777e-01   2.639528e+00  -2.949706e+00   2.514214e+01  -2.708150e+01   1.939359e+00  
 
 Cauchy = 8.353879e+00  -3.657883e+00  -3.043588e+01  
-3.657883e+00   9.592234e+00   3.642827e+01  
-3.043588e+01   3.642827e+01  -1.794611e+01  


 Param ==  8.353879e+00  -3.657883e+00  -3.043588e+01   9.592234e+00   3.642827e+01  0.01
 2.215676e+01   5.625332e+00  -2.778209e+01  -2.673336e+00  -2.409770e+01   2.677104e+01   3.114278e-01   2.640568e+00  -2.951996e+00   2.514152e+01  -2.708247e+01   1.940944e+00  
 
 Cauchy = 8.353408e+00  -3.658346e+00  -3.043359e+01  
-3.658346e+00   9.592627e+00   3.643074e+01  
-3.043359e+01   3.643074e+01  -1.794603e+01  


 Param ==  8.353408e+00  -3.658346e+00  -3.043359e+01   9.592627e+00   3.643074e+01  0.02
 2.215775e+01   5.623915e+00  -2.778167e+01  -2.674209e+00  -2.409711e+01   2.677132e+01   3.101777e-01   2.639528e+00  -2.949706e+00   2.514214e+01  -2.708150e+01   1.939359e+00  
 
 Cauchy = 8.353879e+00  -3.657883e+00  -3.043588e+01  
-3.657883e+00   9.592234e+00   3.642827e+01  
-3.043588e+01   3.642827e+01  -1.794611e+01  


 Param ==  8.353879e+00  -3.657883e+00  -3.043588e+01   9.592234e+00   3.642827e+01  0.03
 2.215775e+01   5.623915e+00  -2.778167e+01  -2.674209e+00  -2.409711e+01   2.677132e+01   3.101777e-01   2.639528e+00  -2.949706e+00   2.514214e+01  -2.708150e+01   1.939359e+00  
 
 Cauchy = 8.353879e+00  -3.657883e+00  -3.043588e+01  
-3.657883e+00   9.592234e+00   3.642827e+01  
-3.043588e+01   3.642827e+01  -1.794611e+01  


 Param ==  8.353879e+00  -3.657883e+00  -3.043588e+01   9.592234e+00   3.642827e+01  0.04
